define variable key_voice_one = {72 70 68 67 68 65 73 72 70 69 70 67 76 77 79 80 82 79 76 73 72 70 68 67 68 70 73 72 70 68 67 65 64 68 77 79 80 79 77 75 73 72 70 79 80 82 80 79 77 76 74 72 74 76 77 79 80 82 79 77 76 77 76 77 72 70 68 67 65 64 68 67 72 70 68 67 68 65 80 79 77 76 77 74 71 72 74 75 77 74 71 68 67 65 63 62 63 60 75 74 72 71 72 69 78 79 81 82 84 81 78 75 74 71 71 72 71 72 73 72 71 72 74 72 74 75 74 75 74 75 74 75 74 75 74 72 72 74 75 74 72 70 68 67 65 74 75 77 75 74 72 71 69 67 69 71 72 74 75 77 74 72 71 72 71 79 77 75 74 72 70 69 67 69 65 75 73 72 73 75 78 77 75 73 72 70 68 67 82 80 79 77 75 73 72 70 68 72 75 79 80 79 77 75 73 70 80 79 77 75 73 72 68 78 77 75 73 72 70 68 67 68 70 68 67 65 64 65 67 68 70 72 73 70 72 70 68 67 68 65 73 72 70 69 70 67 76 77 79 80 82 79 76 73 72 70 68 67 68 70 73 72 70 68 67 65 64 72 73 67 68 67 68 67 68 67 68 67 65 65}

define variable key_voice_two = {41 53 55 56 55 53 51 49 48 46 55 56 58 56 55 53 52 50 48 50 52 53 55 56 58 55 53 52 53 52 53 48 50 52 53 55 56 58 60 58 56 55 56 53 61 60 58 57 58 55 64 65 67 68 70 67 64 61 60 58 56 55 56 58 61 60 58 56 55 53 52 56 53 55 56 55 53 51 49 48 47 56 55 53 51 50 48 47 45 43 45 47 48 50 51 53 50 48 47 48 47 51 60 62 63 62 60 58 56 55 54 63 62 60 58 57 55 53 52 50 52 54 55 57 58 60 57 55 54 55 54 55 57 59 60 62 63 65 62 63 60 62 63 65 67 68 65 67 62 63 65 55 65 63 62 63 53 51 50 51 48 56 55 53 52 53 50 59 60 62 63 65 62 59 56 55 53 51 50 51 53 56 55 53 51 50 48 46 45 60 58 57 55 53 51 49 48 46 49 53 57 58 56 55 53 55 51 61 60 58 60 61 65 63 61 60 58 56 55 53 65 63 61 60 58 56 55 58 51 63 61 60 58 56 54 53 56 49 61 60 58 56 55 53 52 55 48 50 52 53 55 56 58 55 56 58 60 58 56 55 53 51 49 48 46 48 49 48 46 44 43 41 40 38 36 38 40 41 43 44 46 43 41 40 41 40 41 48 50 52 53 52 53 55 56 55 56 58 60 58 60 48 41}

define variable rate_voice_one = {0.30 0.45 0.15 0.15 0.15 0.15 0.15 0.15 0.15 0.30 0.45 0.15 0.15 0.15 0.15 0.15 0.15 0.15 0.15 0.15 0.15 0.15 0.15 0.15 0.15 0.15 0.15 0.15 0.15 0.15 0.72 0.15 0.15 0.15 0.15 0.15 0.15 0.15 0.15 0.15 0.15 0.15 0.30 0.30 0.72 0.15 0.15 0.15 0.30 0.30 0.72 0.15 0.15 0.15 0.30 0.15 0.15 0.30 0.30 0.15 0.15 0.15 0.15 0.15 0.15 0.15 0.15 0.15 0.15 0.15 0.15 0.30 0.45 0.15 0.15 0.15 0.15 0.15 0.15 0.15 0.30 0.45 0.15 0.15 0.15 0.15 0.15 0.15 0.15 0.15 0.15 0.15 0.15 0.15 0.15 0.15 0.15 0.15 0.15 0.15 0.15 0.30 0.45 0.15 0.15 0.15 0.15 0.15 0.15 0.15 0.30 0.45 0.15 0.15 0.15 0.15 0.15 0.15 0.15 0.15 0.15 0.15 0.15 0.15 0.15 0.15 0.15 0.15 0.15 0.15 0.15 0.15 0.15 0.15 0.15 0.15 0.15 0.15 0.15 0.15 0.15 0.15 0.15 0.15 0.15 0.15 0.15 0.15 0.15 0.15 0.15 0.15 0.15 0.15 0.15 0.15 0.15 0.15 0.15 0.30 0.30 0.73 0.15 0.15 0.15 0.30 0.30 0.72 0.15 0.15 0.15 0.30 0.15 0.15 0.30 0.30 0.15 0.15 0.15 0.15 0.15 0.15 0.15 0.15 0.15 0.15 0.15 0.15 0.30 0.45 0.15 0.15 0.15 0.15 0.15 0.15 0.15 0.30 0.30 0.30 0.30 0.73 0.15 0.15 0.15 0.30 0.30 0.72 0.15 0.15 0.15 0.15 0.15 0.15 0.15 0.15 0.15 0.15 0.15 0.30 0.45 0.15 0.15 0.15 0.15 0.15 0.15 0.15 0.30 0.45 0.15 0.15 0.15 0.15 0.15 0.15 0.15 0.30 0.45 0.15 0.15 0.15 0.15 0.15 0.15 0.15 0.73 0.15 0.15 0.15 0.15 0.15 0.15 0.15 0.15 0.15 0.45 0.15 0.15 0.15 0.15 0.15 0.15 0.15 0.15 0.15 0.45 0.15 0.15 0.15 0.15 0.15 0.15 0.15 0.15 0.15 0.15 0.15 0.15 0.15 0.15 0.15 0.15 0.15 0.15 0.15 0.60 0.15 0.15 0.15 0.15 0.15 0.15 0.15 0.15 0.15 0.15 0.15 0.30 0.30 0.30 0.30 1.80}

define variable rate_voice_two = {0.15 0.15 0.15 0.15 0.30 0.30 0.73 0.15 0.15 0.15 0.30 0.30 0.73 0.15 0.15 0.15 0.30 0.15 0.15 0.30 0.30 0.15 0.15 0.15 0.15 0.15 0.15 0.15 0.15 0.15 0.15 0.15 0.15 0.30 0.45 0.15 0.15 0.15 0.15 0.15 0.15 0.15 0.30 0.45 0.15 0.15 0.15 0.15 0.15 0.15 0.15 0.15 0.15 0.15 0.15 0.15 0.15 0.15 0.15 0.15 0.15 0.15 0.15 0.30 0.45 0.15 0.15 0.15 0.15 0.15 0.15 0.15 0.15 0.15 0.15 0.15 0.30 0.30 0.72 0.15 0.15 0.15 0.30 0.30 0.72 0.15 0.15 0.15 0.30 0.15 0.15 0.30 0.45 0.15 0.15 0.15 0.30 0.30 0.73 0.15 0.15 0.15 0.30 0.30 0.73 0.15 0.15 0.15 0.30 0.15 0.15 0.30 0.30 0.90 0.30 0.07 0.07 0.45 0.08 0.07 0.07 0.15 0.15 0.07 0.08 0.08 0.08 0.08 0.08 0.08 0.08 0.08 0.08 0.08 0.08 0.28 0.73 0.15 0.15 0.15 0.15 0.15 0.15 0.15 0.30 0.45 0.15 0.15 0.15 0.15 0.15 0.15 0.15 0.15 0.15 0.15 0.15 0.15 0.15 0.15 0.15 0.15 0.15 0.15 0.15 0.73 0.15 0.15 0.15 0.73 0.15 0.15 0.15 0.30 0.30 0.73 0.15 0.15 0.15 0.15 0.15 0.15 0.15 0.15 0.15 0.15 0.15 0.30 0.45 0.15 0.15 0.15 0.15 0.15 0.15 0.15 0.30 0.30 0.30 0.30 0.73 0.15 0.15 0.15 0.15 0.15 0.30 0.73 0.15 0.15 0.15 0.15 0.15 0.30 0.73 0.15 0.15 0.15 0.15 0.15 0.15 0.15 0.73 0.15 0.15 0.15 0.15 0.15 0.15 0.15 0.15 0.15 0.15 0.15 0.15 0.15 0.15 0.15 0.30 0.30 0.73 0.15 0.15 0.15 0.30 0.30 0.73 0.15 0.15 0.15 0.30 0.15 0.15 0.30 0.30 0.15 0.15 0.15 0.15 0.15 0.15 0.15 0.15 0.15 0.15 0.15 0.15 0.45 0.15 0.08 0.08 0.08 0.08 0.08 0.08 0.08 0.08 0.33 0.27 1.80}

define process playtune (reps, pat, rate)
  run repeat reps
    for n = next(pat)
    for r = next(rate)
    send "mp:midi", key: n, dur: r
    wait r
  end

define variable markov_key_voice_one = markov-analyze(key_voice_one, order: 4, mode: 2)
define variable markov_key_voice_two = markov-analyze(key_voice_two, order: 4, mode: 2)
define variable markov_rate_voice_one = markov-analyze(rate_voice_one, order: 1, mode: 2)
define variable markov_rate_voice_two = markov-analyze(rate_voice_two, order: 1, mode: 2)

sprout list (
playtune(50, markov_key_voice_one, markov_rate_voice_one),
playtune(50, markov_key_voice_two, markov_rate_voice_two)
)